1.000000000000000000e+00
1.000000000000000000e+00
1.000000000000000000e+00
5.227272727272727071e-01
1.149999999999999911e+00
1.045454545454545386e-01
1.045454545454545386e-01
7.318181818181817011e-01
1.149999999999999911e+00
7.318181818181817011e-01
1.045454545454545386e-01
1.045454545454545386e-01
9.409090909090909172e-01
5.227272727272727071e-01
7.318181818181817011e-01
1.149999999999999911e+00
3.136363636363636020e-01
1.045454545454545386e-01
1.149999999999999911e+00
3.136363636363636020e-01
7.318181818181817011e-01
7.318181818181817011e-01
5.227272727272727071e-01
1.149999999999999911e+00
1.045454545454545386e-01
1.045454545454545386e-01
7.318181818181817011e-01
1.149999999999999911e+00
7.318181818181817011e-01
1.045454545454545386e-01
1.045454545454545386e-01
9.409090909090909172e-01
5.227272727272727071e-01
7.318181818181817011e-01
1.149999999999999911e+00
3.136363636363636020e-01
1.045454545454545386e-01
1.149999999999999911e+00
3.136363636363636020e-01
7.318181818181817011e-01
7.318181818181817011e-01
5.227272727272727071e-01
1.149999999999999911e+00
1.045454545454545386e-01
1.045454545454545386e-01
7.318181818181817011e-01
1.149999999999999911e+00
7.318181818181817011e-01
1.045454545454545386e-01
1.045454545454545386e-01
9.409090909090909172e-01
5.227272727272727071e-01
7.318181818181817011e-01
1.149999999999999911e+00
3.136363636363636020e-01
1.045454545454545386e-01
1.149999999999999911e+00
3.136363636363636020e-01
7.318181818181817011e-01
7.318181818181817011e-01
5.227272727272727071e-01
1.149999999999999911e+00
1.045454545454545386e-01
1.045454545454545386e-01
7.318181818181817011e-01
1.149999999999999911e+00
7.318181818181817011e-01
1.045454545454545386e-01
1.045454545454545386e-01
9.409090909090909172e-01
5.227272727272727071e-01
7.318181818181817011e-01
1.149999999999999911e+00
3.136363636363636020e-01
1.045454545454545386e-01
1.149999999999999911e+00
3.136363636363636020e-01
7.318181818181817011e-01
7.318181818181817011e-01
5.227272727272727071e-01
1.149999999999999911e+00
0.000000000000000000e+00
0.000000000000000000e+00
0.000000000000000000e+00
-1.149999999999999911e+00
-9.409090909090909172e-01
1.045454545454545386e-01
1.045454545454545386e-01
1.045454545454545386e-01
3.136363636363636020e-01
1.045454545454545386e-01
3.136363636363636020e-01
1.045454545454545386e-01
-9.409090909090909172e-01
-1.149999999999999911e+00
1.045454545454545386e-01
3.136363636363636020e-01
-9.409090909090909172e-01
3.136363636363636020e-01
-9.409090909090909172e-01
5.227272727272727071e-01
1.045454545454545386e-01
3.136363636363636020e-01
-1.149999999999999911e+00
-9.409090909090909172e-01
1.045454545454545386e-01
1.045454545454545386e-01
1.045454545454545386e-01
3.136363636363636020e-01
1.045454545454545386e-01
3.136363636363636020e-01
1.045454545454545386e-01
-9.409090909090909172e-01
-1.149999999999999911e+00
1.045454545454545386e-01
3.136363636363636020e-01
-9.409090909090909172e-01
3.136363636363636020e-01
-9.409090909090909172e-01
5.227272727272727071e-01
1.045454545454545386e-01
3.136363636363636020e-01
-1.149999999999999911e+00
-9.409090909090909172e-01
1.045454545454545386e-01
1.045454545454545386e-01
1.045454545454545386e-01
3.136363636363636020e-01
1.045454545454545386e-01
3.136363636363636020e-01
1.045454545454545386e-01
-9.409090909090909172e-01
-1.149999999999999911e+00
1.045454545454545386e-01
3.136363636363636020e-01
-9.409090909090909172e-01
3.136363636363636020e-01
-9.409090909090909172e-01
5.227272727272727071e-01
1.045454545454545386e-01
3.136363636363636020e-01
-1.149999999999999911e+00
-9.409090909090909172e-01
1.045454545454545386e-01
1.045454545454545386e-01
1.045454545454545386e-01
3.136363636363636020e-01
1.045454545454545386e-01
3.136363636363636020e-01
1.045454545454545386e-01
-9.409090909090909172e-01
-1.149999999999999911e+00
1.045454545454545386e-01
3.136363636363636020e-01
-9.409090909090909172e-01
3.136363636363636020e-01
-9.409090909090909172e-01
5.227272727272727071e-01
1.045454545454545386e-01
3.136363636363636020e-01
-1.149999999999999911e+00
-9.409090909090909172e-01
